5.000000000000000568e+02
4.948410268773598091e+02
4.893343943975348225e+02
4.833171296553780394e+02
4.767489454840567191e+02
4.695878678579084067e+02
4.617905091652220335e+02
4.533124389095848983e+02
4.441086695085879796e+02
4.341342768161232470e+02
4.233451770638372977e+02
4.116990841699270618e+02
3.991566739277247393e+02
3.856829846524165646e+02
3.712490876579888663e+02
3.558340656275945548e+02
3.394273424191782169e+02
3.220314132778462408e+02
3.036650274505955167e+02
2.843668706937816637e+02
2.641997735663443905e+02
2.432554170658096098e+02
2.216593981416969825e+02
1.995763299297577760e+02
1.772143728529226223e+02
1.548282496925444889e+02
1.304131499985158769e+02
1.096760317644856997e+02
9.058443075716989767e+01
7.333779446612462039e+01
5.808046468824829134e+01
4.459774689460296315e+01
3.362420335340597433e+01
2.472912978536872330e+01
1.771027668245888620e+01
1.232887730675849269e+01
8.180472952810108112e+00
5.392845876861435350e+00
3.497085397460474532e+00
2.231580531608204243e+00
