2.100000000000000000e+02
2.095408374643015463e+02
2.090337589662874223e+02
2.084737642298763944e+02
2.078553311745680503e+02
2.071723614624789889e+02
2.064181203629335641e+02
2.055851703416164753e+02
2.046652977194134735e+02
2.036494316777263123e+02
2.025275548115775734e+02
2.012886043484737684e+02
1.999203630589509828e+02
1.984093387830771462e+02
1.967406313849278376e+02
1.948977858230801132e+02
1.928626298882599883e+02
1.906150950080821929e+02
1.881330183518468573e+02
1.853919242839581329e+02
1.823647830108876633e+02
1.790217440417125374e+02
1.753298418338953297e+02
1.712526707216935904e+02
1.667500259216838856e+02
1.617775070753737623e+02
1.562860804194545210e+02
1.562860804194545210e+02
1.562860804194545210e+02
1.562860804194545210e+02
1.562860804194545210e+02
1.562860804194545210e+02
1.585501251820229811e+02
1.610504346114359180e+02
1.638116641357670176e+02
1.668610421032884119e+02
1.702286382798712054e+02
1.806419001195335738e+02
1.921418391662849103e+02
2.048418557523733909e+02
